<div class="container">

<table style="width: 100%;"><tr>
<td>DistCor</td>
<td style="text-align: right;">R Documentation</td>
</tr></table>
<h2>Distance Correlation</h2>

<h3>Description</h3>

<p>Calculate the correlation between expected and realized genetic distances
and plot them.
</p>


<h3>Usage</h3>

<pre><code class="language-R">DistCor(GD = matrix)
</code></pre>


<h3>Arguments</h3>

<table><tr style="vertical-align: top;">
<td><code>GD</code></td>
<td>
<p>A matrix containing the genetic distance data.</p>
</td>
</tr></table>
<h3>Value</h3>

<p>A plot showing the Expected Genetic Distance versus Realized Genetic
Distance
</p>


<h3>Examples</h3>

<pre><code class="language-R">genetic_distance_matrix &lt;- matrix(c(0.316455, 0.2836333, 0.2760485,
0.2685221, 0.2797302,0.3202661,0.2836333, 0.3106084, 0.2867215, 0.2687472,
0.2596309, 0.2957862,0.2760485,0.2867215, 0.3338663, 0.297918, 0.3057039,
0.3153261,0.2685221, 0.2687472, 0.297918,0.3107094, 0.2753477, 0.3042383,
0.2797302, 0.2596309, 0.3057039, 0.2753477, 0.3761386, 0.3398558,0.3202661,
0.2957862, 0.3153261, 0.3042383, 0.3398558, 0.4402125),
 nrow = 6, byrow = TRUE,dimnames = list(c("Sample1", "Sample2", "Sample3",
  "Ind1", "Ind2", "Ind3"),
 c("Sample1", "Sample2", "Sample3", "Ind1", "Ind2", "Ind3")))

DC&lt;- DistCor(genetic_distance_matrix)

</code></pre>


</div>